Allele	Position	A	C	D	E	F	G	H	I	K	L	M	N	P	Q	R	S	T	V	W	Y		
H-2 Dd	3	4.886960487	4.886960487	4.245392355	4.856414964	4.478310966	4.735692811	4.886960487	4.723991813	4.819046447	4.727581105	4.35364872	4.886960487	2.33348539	4.25399998	4.848687254	4.550526886	4.651309537	4.35955719	4.886960487	4.886960487		5.535904487
H-2 Dd	7	3.894993188	3.777701623	3.735700325	3.680870263	2.457288874	3.960035036	3.582480298	3.778701056	4.62971774	3.902819364	4.068302365	3.480444803	4.15663422	3.704610906	4.346550469	3.880836472	3.999890238	3.800891216	3.81692262	3.576117485		4.032472183
H-2 Dd	9	4.193063252	3.626757843	4.886960487	4.431243915	2.633568989	4.086124515	4.886960487	3.244366207	4.101430243	3.182069006	3.680123534	4.886960487	4.886960487	4.886960487	4.886960487	4.886960487	4.886960487	4.028118676	3.782713168	4.282696888		3.258035416
H-2 Kd	2	4.886056648	4.484897628	4.886056648	4.886056648	2.756274062	4.72184875	4.643938046	4.172032063	4.886056648	3.924824542	4.060595534	4.886056648	4.886056648	4.886056648	4.732986947	4.796446612	4.886056648	4.706395469	3.870751447	1.656719766		3.229336882
H-2 Kd	9	3.089266491	3.570270844	4.3606146	3.837160087	3.03666791	4.28623568	4.319073264	1.920306636	3.205397851	2.161259532	2.801032117	3.906592438	3.039171259	4.257593985	4.451264129	4.099894678	3.801377709	2.275112444	3.933569659	4.456109291		3.189231466
H-2 Kk	2	3.276544422	3.939683791	2.841437469	1.944618689	3.744032928	4.143563883	4.228794655	4.527542655	4.452498637	3.152979081	3.877507035	4.219980231	3.722465746	3.222848585	4.096067189	3.811565589	4.013251346	4.15323423	4.104892113	3.946923446		3.183541581
H-2 Kk	3	4.897337658	3.50919639	3.908682034	3.248568037	3.089242859	3.409709612	2.82709488	3.260300635	3.096052169	2.839243913	2.681989049	3.082734547	4.142332658	3.060488319	3.409219338	3.046766872	3.632170393	3.266636166	3.004951065	2.966966738		3.111905114
H-2 Kk	8	2.698521131	3.040116814	3.198575956	2.950765667	2.611598604	3.106106403	4.897337658	-0.638566829	3.509148066	2.881306559	2.924271081	3.795067238	2.969417903	3.325746322	3.598578184	2.932828557	3.166978462	3.026295339	3.352596959	3.028222077		3.028438485
H-2 Kk	9	3.649751982	3.570683285	4.334612796	3.50413205	3.016647612	4.042787282	4.319766408	2.060915817	4.875061263	3.057799454	3.612668539	4.142072986	4.316982485	4.516496957	4.897337658	4.897337658	4.062160756	2.320579471	3.954256407	4.014042673		3.009955414
HLA A*0201	1	3.298031989	3.849039831	4.462621027	4.182507587	2.356259288	3.405361548	4.676122651	3.271916621	3.301168462	3.627836607	2.957096813	3.527829742	4.841637508	4.073779523	3.430645338	3.342321992	3.382355392	3.565487456	3.60356359	3.328827513		2.893802703
HLA A*0201	2	4.796423565	4.841637508	4.841637508	3.58037028	4.439003531	4.097257727	4.841637508	3.297578218	3.973353116	2.05102174	2.782595716	4.255217249	4.514822984	2.904575017	4.841637508	4.086367071	3.474804873	3.060947545	4.678747955	4.159871847		2.867275993
HLA A*0201	9	2.811072189	4.162294153	4.364447778	3.250440441	2.909432158	3.930004655	4.566555144	2.319098894	4.594289703	2.574802324	2.955464797	4.381896366	4.376455472	4.464367649	4.627211401	3.932424766	3.656070782	1.833229601	4.105322477	4.536089062		2.836421841
HLA A*30011	1	2.5367338	2.810140042	3.955477412	3.550593208	3.252842382	2.761822479	2.107251711	2.751416419	2.110069393	2.886910594	2.232610611	2.983078609	4.023304313	2.999827018	1.797242002	2.297356162	3.09472438	2.928904804	3.503254083	2.991441219		2.799055022
HLA A*30011	3	3.346236674	3.552280393	3.988278201	3.739409415	2.617588386	3.888784501	2.282457818	2.923580847	1.925345034	2.713295562	2.782627801	3.011320531	3.675233558	3.090472499	1.233361018	2.632952622	3.634842881	3.462285167	3.327879806	3.028920993		2.7939818
HLA A*30011	9	1.740908468	2.590521907	3.628734918	3.356605983	3.35948202	3.06602292	3.741077213	2.465330752	1.510167519	2.334372834	2.688171636	3.632751867	3.931855783	3.484082219	3.056947914	2.910708814	3.348860523	2.338775025	3.58043647	2.474971101		2.790615768
HLA A*3201	2	3.605320328	4.195843711	4.245621715	4.141598363	4.545893095	4.240854359	3.964972566	3.093645856	4.739954836	3.180580298	2.839887432	4.238802927	4.296246397	3.130004974	4.683515679	3.325830512	2.639658491	3.283818719	4.102937219	4.135585595		2.754917183
HLA A*3201	9	4.272146786	4.135790641	4.863023034	4.200939477	2.307259628	3.694068567	3.840703276	2.43550909	4.137090816	2.946567526	3.437699486	4.204677707	4.705025262	4.183378093	3.902135666	4.523611187	4.706614201	3.587664729	2.991729088	2.918811947		2.752709444
HLA A*6802	1	4.090953066	3.456403655	3.27368143	2.586228199	2.86342482	4.236142097	2.862939218	3.707016171	4.480045896	3.736090565	2.712508367	3.20800804	4.886056648	3.998840159	3.945644216	2.976426779	3.116713153	4.010370426	3.316442918	3.202379407		2.746371376
HLA A*6802	2	2.928631722	4.143110807	4.147669601	4.195347807	3.794744477	3.879514709	4.529179818	2.839418205	3.964408922	3.03726511	3.282750424	3.499436874	3.409728398	4.115985325	4.183760106	2.594395344	2.224909314	2.02492857	3.675137907	3.80566325		2.582923966
HLA A*6802	3	4.677343459	3.529846926	3.980756153	3.718671201	2.469812204	3.601620352	3.236645463	2.805229062	3.350225529	3.372913342	2.384068229	2.946545129	3.749630263	3.317347753	4.118261045	2.680821507	3.241866875	2.580307561	2.539564145	2.969449242		2.558018605
HLA A*6802	9	2.642912802	3.403042123	3.892826849	3.488306576	3.335099433	3.832839457	4.216447589	2.68790442	4.363651518	2.678321799	3.079625236	3.887432534	3.359428373	3.858563817	3.966760573	3.492637085	3.415553333	2.054012317	3.399985671	4.053903212		2.555763406
HLA B*0702	2	3.40087391	4.889104341	4.868026819	4.889104341	4.889104341	4.889104341	4.889104341	3.816161033	4.889104341	4.139221635	4.889104341	4.889104341	2.333672394	4.295739859	4.439468453	4.699095663	4.200674372	3.400027863	4.618657619	4.630832523		2.555431947
HLA B*0702	3	4.889104341	4.203290033	4.38505441	4.162306279	4.050876822	4.158299327	3.285780446	3.810866536	3.586606755	4.026906989	2.877729928	3.990761169	4.732515195	3.608824109	3.081542008	3.911481111	4.334093172	4.273720303	3.730393044	4.092745224		2.553475097
HLA B*0801	5	3.454995823	3.611193955	4.183378394	3.771664914	2.580993511	3.456590333	2.10214501	3.007185357	2.237199101	3.122171581	3.021113821	3.346225611	3.857456909	3.344709857	1.912012811	3.09869824	3.881003431	3.631107043	3.548965654	3.104469031		2.553216896
HLA B*0801	6	3.628257363	3.060887272	3.700847112	3.288008285	1.651158334	3.248448371	2.558439987	2.97057981	2.788226846	2.865589716	3.156503437	3.056670865	3.059083986	3.160574296	2.487316031	2.931924907	2.819351697	2.763342283	2.992080269	3.677454461		2.535802655
HLA B*0801	9	2.473535524	3.298079067	4.075402365	2.779203589	2.135005612	3.328007892	3.924592345	2.351499158	3.875200681	1.971249062	2.231126745	3.610509828	3.972805659	3.663832205	4.063343259	3.727435335	3.776101197	2.320746637	3.771475587	3.761577793		2.52826345
HLA B*1501	2	2.097018799	3.417477857	3.878659748	2.544854787	2.853222016	2.873047583	3.680822042	2.228274115	3.888428912	2.135610615	1.86765023	3.134966018	3.66461792	1.849578397	3.465017702	2.081637022	2.392280353	2.253595476	3.423076807	3.40962649		2.514714426
HLA B*1501	9	2.479886168	2.845731994	3.810369461	3.434443039	1.210340167	2.332895677	2.94973098	2.582983278	4.220295581	2.521980257	2.164194021	3.247209222	3.559331454	3.611267209	3.948099487	3.616981133	3.619134575	3.011789454	3.370831425	1.567705347		2.504251248
HLA B*1503	2	2.285943122	3.965791504	3.67326855	2.375874242	3.616618116	2.78079097	2.200344119	2.990244214	1.950516446	2.151929307	1.64938036	2.909057544	2.915154191	1.407772899	2.637690989	2.301117901	2.99773607	3.183378682	3.824829035	3.168819799		2.48537822
HLA B*1503	6	2.22262706	2.891702478	2.599537542	2.27689233	1.874858018	2.040199973	2.473961686	2.263686108	2.462566952	2.306329944	2.23723198	4.049066358	2.199159964	2.149917617	2.163953916	2.170729853	1.97758647	1.982140369	2.307852817	2.277778185		2.476415696
HLA B*1503	7	4.085877504	2.244179637	2.510042651	2.585735925	2.331026571	2.151820933	1.958016026	1.759391697	2.260423146	1.831011672	1.971040185	1.218601511	2.018444343	1.239629968	1.890107381	1.708435153	2.020980709	1.935155466	2.03547411	1.999081909		2.475201772
HLA B*1503	9	2.4011853	2.833981183	3.799947712	3.200927111	1.09041047	2.770265546	2.799338539	2.265093619	3.984213173	2.151427221	1.848114443	3.341718835	3.368607172	3.620564999	3.702746843	3.500035115	3.122858135	2.262158818	2.761513621	1.90358146		2.438901244
HLA B*2705	2	4.362106702	4.891576351	4.891576351	4.891576351	4.891576351	4.891576351	4.281982247	4.756844505	4.211777109	4.36743761	4.075973037	4.891576351	4.891576351	3.884538924	2.092521329	4.012473166	4.570815702	4.891576351	4.745930596	4.681495736		2.42504113
HLA B*3501	2	2.832551922	3.950058819	4.535564471	4.458041699	4.691334149	3.976807762	4.888849548	4.277855885	4.888849548	4.237420898	4.238438488	4.888849548	2.779251421	4.184570349	3.949768873	4.011574748	4.152080062	3.988153135	4.608796614	4.707735395		2.421688264
HLA B*3501	9	3.510782871	4.312226776	4.888849548	4.716592543	2.691972594	4.233050189	4.888849548	4.294147134	4.888849548	4.047344115	3.332106078	4.696512572	4.888849548	4.888849548	4.693399266	4.31945868	4.371011088	3.96899643	4.598689518	2.886765799		2.350995404
HLA B*5101	9	3.900133288	4.385532703	4.659452619	4.527432617	3.872896801	4.639132154	4.801446744	1.860665856	4.449626803	4.1438338	4.142181791	4.889104341	4.417026363	4.889104341	4.889104341	4.54308432	4.614178932	2.821781802	4.303207473	4.160302572		2.309639201
HLA B*5301	1	4.711707688	3.679075128	4.016136534	4.140971304	3.307123106	4.534513623	2.467894857	3.284020996	4.713049653	3.32009581	3.05164746	4.035060269	4.892935987	4.144478048	4.170755667	3.725689945	4.043588116	4.207955568	3.229105172	2.911336099		2.299828449
HLA B*5301	2	2.813503931	4.183346172	4.508453557	4.140785018	4.203591379	4.105127492	4.892935987	3.42344154	4.725977341	3.904790907	3.85255647	4.533738048	2.454034743	3.782385167	4.80314419	3.958370073	4.108318228	3.438819436	4.721183051	4.729553484		2.29327523
HLA B*5301	3	4.892935987	4.892935987	3.722858497	4.219110633	3.416971765	4.045707593	3.932051948	3.294267229	4.421170532	2.931846753	2.705628062	3.353855519	4.69324647	3.591559562	4.247732426	3.527227453	4.055879153	3.660615643	3.826766573	3.815794378		2.271365583
HLA B*5301	9	3.843605999	2.47704497	4.261282153	3.640669556	2.140226543	4.201557803	4.178902809	3.006204825	4.892935987	4.017390092	3.412611403	4.892935987	4.892935987	4.892935987	4.138213843	4.775787071	4.612967594	4.329007974	3.010258067	3.344616356		2.253391498
HLA B*5401	1	4.020744099	3.728335442	3.46639103	3.558583088	2.292879563	4.314599904	2.635415095	2.733404334	3.594301016	2.881174906	2.164883287	3.079980412	4.177785341	3.677306448	3.740897852	3.418893079	3.75786133	3.659201032	3.012768568	3.091642348		2.243653942
HLA B*5401	2	1.381089365	3.674254384	4.424505181	3.960815822	4.639124781	3.335144913	4.242477901	3.531677291	3.805268551	3.810517943	3.526280216	4.128824033	2.097193133	3.855121713	3.758458212	2.680953427	2.929376456	3.009969567	3.782512467	3.787149601		2.226062311
HLA B*5401	3	4.89279003	3.597076736	4.263239641	4.086557527	2.731018059	3.382588194	3.653688945	2.862762524	3.591848669	3.178011768	2.401548026	2.628288604	3.65079943	3.039634791	2.987829528	3.629704466	3.69622851	3.247631399	1.780884916	2.745582381		2.215348609
HLA B*5401	8	2.276867928	2.10322704	3.393972285	2.845454828	3.07407449	3.056620792	3.338133465	2.918166027	2.977794557	3.252775772	3.320350838	3.094751078	2.115337526	2.944390338	3.207007364	1.975362798	2.676769611	2.961021966	3.2668041	4.721734174		2.210704669
HLA B*5401	9	1.531054634	3.380814044	3.275793792	3.909206246	3.806944683	3.097096939	4.525124285	3.036188355	4.41210633	4.339731616	4.157081506	3.825706893	3.169922521	4.7202861	4.449711349	2.913345779	3.21244734	2.145875895	4.459366537	4.166828647		2.196876954
HLA B*5801	2	2.73627631	4.29078306	4.89279003	4.597480774	3.428930836	3.281836606	3.631373137	3.758009618	4.280719333	3.788924281	4.89279003	4.328701855	4.270629704	4.02944811	4.183838179	2.417588258	2.569239856	3.261113994	4.89279003	3.951695138		2.187307925
HLA B*5801	7	4.630691345	3.364152228	3.457911562	3.10028539	4.027334654	3.794370673	3.01845618	2.465807947	3.706479	2.279695941	2.808039641	2.714279276	2.942523336	2.921738175	3.402114954	3.145590586	2.83394071	2.5579636	2.380714341	2.306584829		2.17420834
HLA B*5801	9	3.984347485	2.716705854	3.989784552	3.235676863	1.960172091	3.090721024	3.963755938	2.203620316	4.470984484	2.933276113	2.707644521	3.655495894	4.414121978	3.603667466	4.276616869	4.014552395	4.411451172	3.49807907	1.917767588	2.536001185		2.172428866
Mamu B*08	2	4.728313692	4.89279003	4.89279003	4.89279003	4.89279003	4.89279003	4.89279003	4.89279003	4.89279003	4.89279003	4.358688944	4.89279003	4.89279003	3.807683366	2.378075604	4.455181955	4.89279003	4.89279003	4.89279003	4.89279003		2.149716617
Mamu B*08	9	4.188040435	4.63639209	4.712915881	4.357090871	2.881027277	4.386367117	4.558169282	3.307159913	3.810809772	3.053078443	3.849632713	4.389161311	4.505381911	4.367893417	3.932206808	4.524049666	4.736107741	3.982066693	4.89279003	4.382017043		2.109598127
Patr A*0301	2	2.845213837	4.506927768	4.676269393	4.733063152	4.346132209	3.330770324	4.637370967	3.498524946	4.418940267	4.165848537	4.051773269	4.445643089	4.672815454	4.076906933	4.684156385	2.787709842	2.522358483	3.24605615	4.346851836	4.49760724		2.104153303
Patr A*0301	9	3.135145192	4.381184145	4.576503173	4.321826423	3.722365209	4.393177381	3.436189097	3.731915541	1.890708709	4.060210318	3.969808238	4.89279003	4.65180433	4.783996656	1.709248449	4.144044108	4.444151967	3.623478406	4.598223702	2.556603296		2.100296345
Patr A*0401	1	2.813741723	3.037063464	4.151504428	4.054023979	3.329863033	3.643773184	1.675088732	3.119345609	2.17072384	3.176828474	2.514200464	3.537528208	3.936966782	3.832210848	1.951737114	2.772393937	3.105883789	3.185418786	3.135647027	3.052826808		2.049688778
Patr A*0401	5	3.008614085	3.12585442	3.509780958	3.199086079	2.636625448	3.082238166	3.135038302	3.096273465	3.216774364	3.094228457	2.336574559	2.724048213	2.692809234	3.239232216	2.509775797	2.956648485	3.307480824	3.11168966	2.346570245	1.266127016		2.038850515
Patr A*0401	6	2.930415518	3.033762063	3.063717217	3.010518838	2.00784231	4.015625428	2.491741085	2.708398182	3.052159869	2.882686774	2.832801007	4.191468361	2.670835246	4.53610576	2.77633062	2.922416579	2.794774348	2.756305507	2.243512753	2.653789559		2.011762753
Patr A*0401	9	2.429917965	4.589741946	3.88487775	4.524824665	3.180783845	4.39172679	3.246337065	3.645409132	1.783659942	3.436158696	3.331306793	4.443724309	4.646163825	4.500286935	0.613691642	3.518750079	3.253083863	2.748440473	4.53063301	3.00025002		2.011374413
