Allele	Position	A	C	D	E	F	G	H	I	K	L	M	N	P	Q	R	S	T	V	W	Y
H-2 Db	1	4.09792183225	4.04170047467	4.73712966838	4.7782230465	3.25670353547	4.27238874637	4.02774984118	4.13438367675	4.11195976404	3.95207912265	3.99251044924	3.76616843371	4.77677378252	4.47662829822	4.16563766002	4.16863083771	4.27501549556	4.28405642213	4.06600771476	3.50359320313
H-2 Db	2	3.64190952641	4.10213178736	4.89526464948	4.89526464948	4.51189513835	3.82595825062	4.45418362369	4.56921304735	4.73579665473	4.20414582648	3.58678856489	4.4261682244	4.89526464948	3.44770848068	4.89526464948	3.54364211678	4.10193799236	4.13720278783	4.42889967236	4.59802970322
H-2 Db	3	4.89526464948	4.23812139373	4.89526464948	4.71966634693	4.23407588112	4.11326998479	3.9277096801	3.85499189764	4.78017056841	3.22894753471	3.7316295026	3.82900098438	3.65257739258	4.23718315951	4.8586486927	4.30592889707	4.47386613365	3.99030880279	3.97007283125	3.84598913771
H-2 Db	4	3.87397817505	3.71118289724	4.85106098702	4.1678890774	4.12674079881	4.76505857708	4.2500678998	3.77216237439	4.08277125623	3.72878062289	3.89894130337	4.45607850351	4.52278612419	3.92399489103	3.91367992773	3.79459396068	3.95069165464	3.77369357112	3.96050844493	3.91178994513
H-2 Db	5	4.34287040636	4.22895281143	4.24916767603	4.6838688364	4.36469907559	4.20238206811	4.19217054317	4.71643269418	4.50098928297	3.99601684032	4.07770750378	3.01031574152	4.42961226834	4.64994854225	4.71487656027	4.1104376136	4.75612121522	4.67884619569	4.89526464948	4.89526464948
H-2 Db	6	4.05007840722	4.02718331782	4.39076914083	4.21298436617	4.00112453511	3.96353493533	4.29251332593	3.95815753458	4.14221543874	4.03679070936	4.12631412884	4.09956196757	4.47662829822	4.10648859777	4.14472227056	4.00114257502	4.10455803892	4.14124039645	3.84581040934	4.0122919678
H-2 Db	7	3.87432671899	4.25041785596	3.871339255	3.70580047637	3.83350549355	4.03927500209	4.89526464948	4.16925448753	4.89526464948	4.27984476606	4.30302977464	4.08006807048	4.27822312331	3.76805350554	4.52412858897	4.16058849178	3.86292538355	3.93710478315	4.19770354516	3.69028407796
H-2 Db	8	3.74284826798	4.36100134023	4.4865120266	3.92501530086	3.54501308942	4.81264097188	4.5821809145	4.30682361614	4.562116083	3.77751234932	4.22480092388	4.44798512302	3.44301794777	4.23062197062	4.61265105173	4.34296622864	4.06806831833	3.89438013811	4.33608841388	3.45708870601
H-2 Db	9	3.95354982105	4.40865947517	4.89526464948	4.89526464948	3.81376178928	4.83918965968	4.89526464948	2.91795070673	4.89526464948	3.52123791143	3.10158558568	4.80685003558	4.74885879191	4.89526464948	4.89526464948	4.89526464948	4.70383650723	3.68250752044	4.89526464948	4.89526464948
H-2 Dd	1	3.99666308197	3.89643759038	4.53906051864	4.10402940653	3.77721836612	4.13880348314	3.98902047803	3.72048299371	4.06312156492	3.84847537387	3.43440192978	4.04010006469	4.32896757416	3.71256472713	3.6895706982	3.92817559656	3.90510444968	3.40402018018	3.30731553843	3.69296040445
H-2 Dd	2	4.59055766734	4.86957943359	4.88696048669	4.83767767822	4.12343322499	2.99435490693	4.21251747576	4.73573977738	4.02431101501	4.45002088514	4.72931782439	4.74285700439	4.18908885723	4.82477404641	4.55411951432	4.65984913222	4.70712034786	4.78772882547	4.20754378372	4.88696048669
H-2 Dd	3	4.88696048669	4.88696048669	4.24539235503	4.85641496421	4.47831096611	4.73569281139	4.88696048669	4.72399181303	4.81904644716	4.72758110538	4.35364871985	4.88696048669	2.33348538997	4.2539999802	4.84868725391	4.55052688587	4.65130953672	4.35955718965	4.88696048669	4.88696048669
H-2 Dd	4	3.91509646999	3.88393947939	4.15785803038	4.05969758243	3.6526458159	4.39380775491	3.90686884006	3.73554437683	4.04044334104	3.91657668867	3.9460709687	4.03079350359	4.44493613908	3.94720447949	3.84106367641	3.87214655056	3.81417299852	3.95421095516	3.8989558322	3.63407895731
H-2 Dd	5	3.6940968535	4.60062450046	4.56640338006	4.48585247437	4.06205313237	4.2334688992	3.45367417716	3.8063837597	3.61861771211	3.80378177846	3.97277825307	3.98980949261	4.88696048669	4.07364597106	3.25750056523	3.92983299446	3.99884201362	3.8564469	4.26573929731	3.87098026164
H-2 Dd	6	3.80328173555	3.88082847387	4.05010815028	4.01937181107	3.61421619012	3.83400294807	3.8344331083	3.84777236098	4.02961334838	3.78401196372	3.83427226915	3.92768728517	4.54085690254	3.80858248637	3.89247074562	3.71264071341	3.51326672239	3.71625903105	3.62776420643	3.59192754594
H-2 Dd	7	3.89499318799	3.77770162346	3.73570032523	3.68087026279	2.45728887376	3.96003503595	3.58248029756	3.77870105619	4.62971774036	3.90281936405	4.0683023651	3.48044480262	4.1566342202	3.70461090605	4.34655046878	3.88083647163	3.99989023835	3.80089121634	3.81692262009	3.5761174849
H-2 Dd	8	3.54308978541	3.62132810152	3.86682693317	3.70075382621	3.63397708147	3.71926978968	4.47419430731	4.10566281093	4.13206530085	3.6098813887	3.84147757254	3.81661291937	3.64812989341	3.68058967139	3.843755852	3.51077849318	3.74596618604	3.79725274963	4.07484089827	3.90845315079
H-2 Dd	9	4.1930632516	3.62675784337	4.88696048669	4.431243915	2.63356898918	4.08612451495	4.88696048669	3.24436620662	4.10143024263	3.18206900627	3.6801235336	4.88696048669	4.88696048669	4.88696048669	4.88696048669	4.88696048669	4.88696048669	4.02811867608	3.78271316793	4.28269688801
H-2 Kd	1	2.96901755716	3.09699688927	3.87770816387	4.01948442939	2.73317167791	3.08676272063	3.07625778292	3.01264034813	2.98703652302	2.88316385863	2.65798061602	3.03914766065	3.79131398258	3.2241451175	3.00476135344	2.61553868939	2.91991795615	3.04969763492	2.5717717266	2.56530623336
H-2 Kd	2	4.88605664769	4.48489762781	4.88605664769	4.88605664769	2.7562740623	4.72184874962	4.64393804608	4.17203206339	4.88605664769	3.92482454174	4.06059553383	4.88605664769	4.88605664769	4.88605664769	4.73298694694	4.79644661229	4.88605664769	4.70639546924	3.87075144678	1.65671976641
H-2 Kd	3	4.01070506745	3.13443456851	3.11210378624	3.38685345786	2.83667448986	3.20791530434	3.03888461245	2.79144792004	2.99351393492	2.24255964195	2.36837140694	2.87972069455	3.90294782131	2.97371432927	3.07906980228	2.95771074504	2.97542550223	2.91634133271	2.73387043581	3.05000644409
H-2 Kd	4	2.23343149453	3.17947710246	3.24610750009	2.98616209484	3.24352720388	3.09147923957	2.89179234048	2.88988056005	2.87572307418	2.99485002177	2.89554993366	2.8577677134	2.55551732772	2.6077460574	2.92445549218	2.79236788601	2.9112131384	2.95039901283	3.63679126483	3.08258785171
H-2 Kd	5	2.70140232495	2.99246689285	3.0798967511	3.77989979232	3.14454886026	2.78623308976	3.46347091955	2.9998654104	4.22190907657	3.0074521003	2.48863310196	2.94032426311	3.2952959133	3.08127122038	3.91015230835	2.26813111138	2.64271499338	2.88839017564	2.95519985407	4.08885056423
H-2 Kd	6	2.92155286543	2.92664891744	3.52114847918	3.41797384231	2.74787905154	2.86478197792	2.85404508606	2.78113214653	2.78660582961	2.80399359467	2.84392907285	2.98889172633	3.17169698994	3.05632180228	2.33835435067	2.93639291289	2.93010294625	2.83216447452	2.87989952001	2.92757502408
H-2 Kd	7	2.91911571687	3.0770482847	3.44199251798	3.00707757606	3.20590001386	2.70689094513	2.62957627808	3.49621853512	3.7960157768	3.14292851143	3.24537473842	2.36112591746	3.82147884124	2.75258171371	3.10709101808	2.18477021831	2.14967726719	3.0482301041	3.39919220878	3.12829488267
H-2 Kd	8	2.72697630772	3.28223492369	2.93332844369	2.98898710415	2.91007305113	2.92767009372	3.74429721634	3.2510431285	3.36756158681	3.09740254528	3.09159641435	3.12901748002	2.85425135673	2.99635184777	3.03643240771	2.93812447198	3.01279205573	3.1618100549	3.30409153813	2.9821714836
H-2 Kd	9	3.08926649123	3.57027084389	4.36061459977	3.83716008656	3.03666791026	4.28623567998	4.31907326373	1.92030663608	3.20539785102	2.16125953188	2.80103211748	3.90659243775	3.03917125925	4.25759398502	4.45126412922	4.09989467793	3.80137770948	2.2751124436	3.93356965871	4.45610929104
H-2 Kk	1	3.56389326635	3.11280316249	3.18418671369	2.93148845279	2.81750470423	3.66298402188	2.8600274301	3.38659245757	3.90298015322	3.12698578602	2.92724274436	2.91413852765	4.10078978328	3.1666867824	3.76231719135	3.08726959549	3.00192530255	3.68876537	2.91223197715	3.0208805615
H-2 Kk	2	3.27654442233	3.93968379095	2.84143746875	1.94461868866	3.7440329276	4.14356388301	4.22879465509	4.52754265511	4.45249863682	3.15297908089	3.8775070345	4.21998023072	3.72246574563	3.22284858476	4.09606718939	3.81156558915	4.01325134582	4.15323422969	4.10489211336	3.94692344605
H-2 Kk	3	4.8973376581	3.50919638986	3.9086820338	3.24856803692	3.0892428592	3.40970961202	2.82709488031	3.26030063472	3.09605216851	2.83924391275	2.68198904905	3.08273454699	4.14233265806	3.06048831864	3.40921933784	3.04676687197	3.63217039291	3.26663616629	3.00495106545	2.96696673823
H-2 Kk	4	2.97495050631	3.20109223465	3.10767038336	3.15942402178	3.19125962002	3.50431366185	3.66782944261	3.18580114745	3.35737339672	2.79316981579	3.14915544596	3.42327308417	3.15721809719	2.97776281848	3.23759137648	3.3221133938	3.49488395355	3.08170798828	2.77423122349	3.40099849241
H-2 Kk	5	3.06867084478	3.24659903424	3.81059645758	3.18890519652	2.93641328669	2.99525566644	3.89214304064	2.83656346502	3.267706916	3.17325001612	2.84601665287	3.27214523015	3.36665519186	3.22851982305	3.36789919457	2.97211297735	3.02776823791	2.97200826235	2.22472678414	3.07009739414
H-2 Kk	6	2.7787423469	3.09577987258	3.1255147425	3.44150437345	2.69885422337	2.92365278338	3.39772296998	2.95829169358	3.16580144986	3.2959848464	3.14292568701	3.19515916876	3.1222414278	3.60324449715	3.10626692887	2.85609217037	2.8541375551	2.93126000499	3.00502644367	3.14914924753
H-2 Kk	7	3.17559499366	3.28782056872	3.78961518419	3.13441506477	2.26217983441	2.72615147376	2.85048676593	3.69761106335	3.08495214099	3.24567499846	3.45635069999	2.91844476696	3.25657043505	4.06374967591	2.94509505045	3.06182024879	3.47638420634	3.36551143017	3.45759274574	3.29994101111
H-2 Kk	8	2.69852113061	3.04011681435	3.19857595592	2.95076566729	2.61159860405	3.10610640295	4.8973376581	-0.638566828876	3.50914806646	2.88130655949	2.92427108092	3.79506723818	2.96941790302	3.32574632166	3.59857818387	2.93282855703	3.16697846233	3.02629533918	3.35259695881	3.02822207664
H-2 Kk	9	3.64975198164	3.57068328527	4.33461279585	3.50413205	3.01664761185	4.04278728232	4.31976640825	2.06091581658	4.87506126339	3.05779945367	3.61266853877	4.14207298608	4.31698248472	4.5164969573	4.8973376581	4.8973376581	4.06216075615	2.32057947096	3.95425640732	4.0140426734
HLA A*0201	1	3.29803198871	3.84903983092	4.46262102706	4.18250758693	2.356259288	3.40536154809	4.67612265107	3.2719166206	3.30116846163	3.62783660684	2.95709681325	3.52782974195	4.8416375079	4.07377952292	3.43064533843	3.34232199179	3.38235539193	3.56548745639	3.60356358985	3.3288275127
HLA A*0201	2	4.79642356516	4.8416375079	4.8416375079	3.58037028048	4.43900353104	4.09725772698	4.8416375079	3.2975782175	3.97335311629	2.05102173958	2.78259571559	4.25521724871	4.51482298422	2.90457501719	4.8416375079	4.08636707123	3.47480487268	3.06094754453	4.67874795515	4.15987184739
HLA A*0201	3	3.09483668634	3.38396326168	3.06229340554	4.15878665514	2.93033442415	3.73991721371	3.29739402638	2.99931247213	4.51569045143	2.97498527136	2.72939855383	3.52669724078	3.97947428371	3.42748615178	4.44879686936	3.50783105362	3.56915873223	3.33927054811	2.96329665532	2.78729132533
HLA A*0201	4	3.15908596091	3.80688111237	3.14983619798	3.30017098622	3.55580465471	3.3814503761	3.8850700373	3.60499720364	3.54015559278	3.29105765025	3.64772417097	3.19580871158	3.21226234591	3.3462621035	3.74322713592	3.11109259868	3.83374037432	3.66146127836	3.30685712834	3.62936430615
HLA A*0201	5	3.07970087386	2.77702678059	3.59942673962	3.37066910097	3.14823724651	3.22512480466	3.39255015608	3.17911069774	3.39630153259	3.23586805282	2.65644794144	3.13960570043	3.6190649355	3.63836478939	3.31355842633	3.40358575816	3.35761632932	3.23721858825	3.13641904756	3.28473080007
HLA A*0201	6	2.9646518586	3.18043558563	3.49365156073	2.8956097982	3.25749230922	3.63680256068	3.50361688039	2.89301467912	3.8756421467	3.07441993418	3.25852001169	2.95871499762	3.30292788185	3.06563678803	3.71287737755	3.54032955414	2.81879865182	2.95307565496	3.52539319299	3.64210793169
HLA A*0201	7	3.19312792042	3.30076263488	3.54170102376	2.98707273391	2.87364865219	3.42761603427	3.17877054596	2.71623469081	4.10128035731	3.17759548523	3.16826088092	3.13091166238	2.73519104384	2.86901950682	3.85592372163	2.98951814737	3.34308009314	3.26303881986	2.91799395366	2.74029051718
HLA A*0201	8	3.16755428705	3.33120155172	3.37436288506	2.88864124443	2.68631387632	3.02693172152	3.36621683531	3.66500628668	3.28116225673	3.02730045387	3.1592890667	3.33287585934	2.58048267522	3.30190032642	3.09445709892	3.00427954835	3.15472831176	3.19400196299	3.03404395102	2.79572361885
HLA A*0201	9	2.81107218928	4.16229415305	4.36444777765	3.25044044124	2.90943215849	3.93000465464	4.56655514402	2.31909889391	4.59428970323	2.57480232414	2.95546479662	4.38189636637	4.37645547191	4.46436764932	4.62721140128	3.93242476589	3.65607078183	1.8332296009	4.10532247688	4.53608906171
HLA A*30011	1	2.53673380027	2.81014004242	3.95547741169	3.55059320799	3.25284238214	2.76182247917	2.10725171081	2.75141641943	2.11006939338	2.88691059433	2.23261061094	2.98307860913	4.02330431253	2.9998270182	1.7972420019	2.29735616213	3.09472437984	2.92890480415	3.50325408337	2.99144121886
HLA A*30011	2	2.25608114643	3.02904131433	4.11431516966	3.80987077992	2.7231072388	2.85489271493	3.29285213457	2.95231193671	3.79328444907	2.99542609377	2.35808942642	3.19224969949	3.81672447308	2.68588411192	3.52534473223	2.62725524491	2.32033994658	2.20494318618	2.79515998036	2.54428157291
HLA A*30011	3	3.3462366736	3.5522803926	3.98827820071	3.73940941525	2.61758838563	3.88878450135	2.2824578179	2.9235808466	1.9253450337	2.71329556159	2.78262780082	3.01132053144	3.67523355812	3.09047249912	1.23336101838	2.63295262161	3.63484288145	3.46228516702	3.32787980553	3.02892099337
HLA A*30011	4	2.61179632493	2.80828869658	2.9619729959	2.77091313098	2.29743423888	2.59850404597	2.64664351017	2.76234534856	2.79402018297	2.58020914066	2.71762812394	2.81277601369	2.52559351997	2.48282151229	2.58078604419	2.419402093	2.6584750548	2.9518153281	2.64656086044	2.67925410771
HLA A*30011	5	2.12412359068	2.71096674627	3.19707562702	2.80712786342	2.22059094596	2.34275611661	2.64795815152	2.49409740397	2.60801783216	2.65153455972	2.28826907027	2.74225223981	2.08413908264	2.4970268099	1.90331414452	1.80457177301	2.53937469031	2.25987307535	2.59153464339	2.49268932509
HLA A*30011	6	2.43645610549	2.84375201401	3.7623212033	3.19393330443	1.96611807361	2.71595951777	2.77529755957	2.53015646517	2.95588821343	2.52528993792	2.70363755685	2.85654148541	2.67785130235	2.65313244276	2.63649702045	2.32124384181	2.5324919897	2.62086542454	2.82312048858	2.65331245563
HLA A*30011	7	2.49440091945	2.25177846397	3.42554067259	2.88497004147	2.31672773832	2.94348468926	2.66915976867	2.38709151311	2.79033040995	2.2585096786	2.07247993921	2.57191419289	1.58281412266	2.11362132051	2.65356412195	2.9555886559	2.55602656375	2.30948442227	2.38832837198	2.2796781799
HLA A*30011	8	2.2978719803	2.96105134926	3.30577333345	2.94787390814	2.13894118159	2.75984302414	2.37713595567	2.70422973403	2.93860894301	2.65484769458	2.88085751895	2.28562249329	2.11596814649	2.58799783005	2.47389887998	2.65389559635	2.52389465817	2.73931392802	2.81812160224	2.01934485205
HLA A*30011	9	1.74090846777	2.59052190666	3.62873491805	3.35660598334	3.35948202045	3.06602292035	3.74107721281	2.46533075232	1.51016751935	2.33437283415	2.68817163635	3.63275186684	3.93185578286	3.48408221924	3.05694791445	2.91070881414	3.34886052258	2.3387750254	3.58043647026	2.47497110086
HLA A*3201	1	3.33690071126	3.84193645542	4.40220667252	3.83831092646	3.94716987894	3.74495404046	3.31533009357	3.22863970707	2.89903642189	3.21952370239	3.02012951186	3.79821194933	4.15944870882	3.54325847448	2.91252757116	3.30584158228	3.85470151246	3.45767785449	4.12477037459	3.80527101608
HLA A*3201	2	3.60532032808	4.19584371112	4.24562171484	4.14159836261	4.54589309498	4.240854359	3.96497256578	3.09364585599	4.73995483592	3.18058029805	2.83988743177	4.23880292669	4.2962463974	3.13000497386	4.68351567917	3.32583051184	2.6396584906	3.2838187194	4.10293721896	4.13558559455
HLA A*3201	3	3.69732536773	3.58573184586	4.15448072959	3.93258868287	3.09163645323	3.77530237461	3.70001021704	3.30858673551	4.11824482416	3.32224182721	3.11065155179	3.20501868259	3.97649284504	3.43234696692	3.81126834148	3.62568894772	3.88281714223	3.5951936429	3.10588139044	3.0843405826
HLA A*3201	4	3.35452342596	3.84972572618	3.78133039613	3.37337550017	2.93492817244	3.42045150601	3.42561094234	3.7652369573	3.34787998753	3.94578079276	3.16831586951	3.16271835395	3.95514393511	3.43631915686	3.58341827963	3.52188648619	3.44492629462	3.50745566032	3.47038593838	3.08172467931
HLA A*3201	5	3.58354254388	3.53202494778	4.08615195643	3.90022743272	2.72097512115	3.23579497849	3.56355246662	2.95103755043	3.51472610216	2.96761252312	3.23043036511	3.5199664	3.52461853129	3.14639506453	3.28819120648	3.41075534877	3.93200028982	3.04590131559	2.90896931362	3.26877403708
HLA A*3201	6	3.16974872115	3.82104187343	3.8896099975	3.54352514976	3.13630501202	3.75188746138	3.38877555928	3.17154953343	3.61512974429	3.57082168159	3.44668227392	3.22526688088	3.65977195814	3.90016991752	3.53404075398	3.18817939157	3.20476583335	3.09011427696	3.67309688865	3.50476993321
HLA A*3201	7	3.39513792815	3.65844501482	4.27557786183	3.72037331185	3.04737426037	3.97987768417	3.1703267382	3.71118204556	4.21243561111	2.75393374831	3.68342731664	3.06361893659	3.74281965994	3.17148415036	3.66942317615	3.53859957557	3.53255959716	2.68644627928	3.00571004898	2.94338653331
HLA A*3201	8	2.95805772082	3.90390004815	3.94305254549	3.51903479094	3.56806792926	3.21857855994	3.2587140637	3.17054804055	3.56689690298	3.49480150821	3.23983487762	3.33370251022	3.01342181647	3.40724114717	3.53969164257	2.95188354118	3.01871323695	3.16122087429	4.00268730884	3.56777992676
HLA A*3201	9	4.27214678601	4.13579064078	4.86302303396	4.20093947695	2.30725962753	3.69406856745	3.84070327566	2.43550908957	4.13709081588	2.94656752592	3.43769948568	4.20467770691	4.70502526224	4.18337809311	3.90213566644	4.52361118694	4.70661420073	3.58766472927	2.99172908815	2.91881194687
HLA A*6802	1	4.09095306552	3.45640365476	3.27368143012	2.58622819948	2.8634248199	4.23614209698	2.86293921821	3.70701617134	4.48004589613	3.73609056493	2.71250836712	3.20800804044	4.88605664769	3.99884015893	3.94564421612	2.97642677859	3.11671315253	4.0103704258	3.31644291766	3.2023794072
HLA A*6802	2	2.92863172226	4.14311080653	4.14766960143	4.19534780743	3.79474447655	3.87951470935	4.52917981753	2.83941820489	3.964408922	3.03726511003	3.28275042352	3.49943687439	3.40972839801	4.11598532507	4.18376010603	2.594395344	2.22490931402	2.02492856993	3.675137907	3.80566325033
HLA A*6802	3	4.67734345924	3.52984692565	3.98075615273	3.71867120103	2.46981220376	3.60162035157	3.23664546266	2.80522906178	3.35022552905	3.37291334229	2.38406822941	2.94654512876	3.74963026275	3.31734775297	4.11826104532	2.68082150705	3.2418668747	2.58030756071	2.53956414468	2.96944924224
HLA A*6802	4	3.05768953426	3.32756958438	2.93562061298	3.27835115637	2.55985775159	3.01202949924	2.95476045806	3.4841432726	3.4525110198	3.28820055928	2.69207896127	3.00684866893	2.85947033053	3.17607498603	3.67434876024	2.43067562817	3.13498195464	3.25254534326	2.67909210353	2.78550946121
HLA A*6802	5	2.95683457721	2.83085117071	3.34537039422	3.34643925765	2.70256633736	2.64239963239	2.97950554451	2.69806560222	3.50445393854	3.00741109746	2.74995440877	3.16341456434	3.42944842155	3.75854892268	3.36161219293	3.10967635541	3.9978446526	2.93691913851	3.21960043792	3.2037723268
HLA A*6802	6	3.0003856581	3.27180861168	3.07158854667	3.03421400255	2.91162279052	3.42791171454	3.8811196615	3.33247571432	3.53210331605	3.7013518405	3.77394406418	3.25991026205	3.15718601826	3.98022684781	3.28237873444	3.15230756791	2.98538267101	3.13441601765	3.26404746958	3.27815750437
HLA A*6802	7	3.2462877449	3.7689508094	3.24909918404	3.18907255034	3.15398685022	3.96665072478	3.12140538975	3.0751254818	3.88060081822	3.07019772408	3.11136490634	3.08048317532	3.2476375875	3.16612862987	3.78316088904	3.21812514968	3.0387379566	2.91450907775	2.81580060108	3.02327823456
HLA A*6802	8	2.36427589947	3.09214214836	3.394432607	3.22044092776	2.87352531556	2.87830928332	3.6975018502	3.65915205409	3.28428970309	3.16320604178	3.17203288402	3.12011519545	2.84956501441	3.22585566758	3.25182433037	2.92990504753	2.79805603397	3.13712928553	3.16958258546	3.01821796415
HLA A*6802	9	2.64291280222	3.40304212343	3.89282684907	3.48830657623	3.33509943256	3.83283945666	4.21644758883	2.6879044199	4.36365151769	2.67832179855	3.07962523604	3.88743253394	3.3594283734	3.85856381708	3.96676057269	3.49263708482	3.41555333313	2.05401231714	3.39998567111	4.05390321213
HLA B*0702	1	3.29752851905	3.91696491799	4.86829446328	4.3535467291	3.8594526889	4.0253245805	3.28985334914	3.57155985525	3.62311417143	3.83295166131	3.44548308609	4.02728644575	4.72875892985	4.37681582977	3.19022447052	3.64971693362	4.09807965096	4.05517369568	3.78527094738	3.78598961939
HLA B*0702	2	3.40087390961	4.88910434077	4.86802681938	4.88910434077	4.88910434077	4.88910434077	4.88910434077	3.81616103303	4.88910434077	4.13922163521	4.88910434077	4.88910434077	2.3336723943	4.29573985917	4.43946845328	4.69909566307	4.20067437211	3.40002786324	4.61865761864	4.63083252326
HLA B*0702	3	4.88910434077	4.20329003321	4.38505440987	4.16230627916	4.05087682203	4.15829932661	3.28578044574	3.81086653622	3.586606755	4.02690698914	2.87772992849	3.99076116854	4.73251519523	3.60882410876	3.08154200778	3.91148111078	4.33409317247	4.27372030339	3.73039304399	4.09274522442
HLA B*0702	4	3.82558408946	3.94495068547	3.99041002822	3.98595493632	3.83742238209	4.03664174199	3.9300812648	3.96032710114	3.91635720092	3.91412928066	3.71331405793	3.95618165127	3.85314800546	3.64150802034	3.86622951545	3.47828147721	3.51106582075	3.82566912997	3.19535482143	3.68032432271
HLA B*0702	5	3.24445349194	3.63832142792	4.37794387794	3.84708918941	3.77100403241	3.68821636185	3.63163696455	3.8035907914	4.16003690231	3.43990227718	3.44957561134	3.76714645708	3.21758197789	3.83820650748	3.34773436969	4.01825126373	4.00838037975	3.99536658464	3.99843002569	4.12983301246
HLA B*0702	6	3.85904128189	4.08525082794	4.66703515281	4.38852788525	3.47385397787	3.42692234362	3.52700095093	3.8403225456	3.97970079128	3.78867659614	3.96713191433	4.09361511782	3.97148642711	3.9743411229	3.32389677715	3.76435317438	3.60452864636	3.79296327147	3.6526434603	3.91192829908
HLA B*0702	7	3.57873994051	3.72466471934	4.08629912986	3.98205534458	4.07371758877	3.69027981049	3.63187249092	4.04685563637	3.91178502577	4.03040463177	3.93740278216	4.06282858632	3.76444600388	3.57440856325	3.47204307244	3.59615363648	3.96143111277	4.11415452409	4.39506089264	3.95342613401
HLA B*0702	8	3.44008761402	4.31246989618	4.33687420478	4.07284045339	4.17899801927	3.72333637704	4.10876724152	4.18403003144	4.77703715095	4.29273431294	4.23299324404	4.53786035701	4.0054634593	3.52861982203	3.55483367918	3.03559175184	3.87757061183	3.87823131018	4.33937894107	4.10922259646
HLA B*0702	9	3.08195297384	4.54132850217	4.88137621049	4.59859948403	2.99220419667	4.88910434077	4.61564120876	3.52501595518	4.88910434077	2.91934352633	3.76307912894	4.88910434077	4.88910434077	4.88910434077	4.88910434077	4.88910434077	4.2932295872	3.4211407986	4.88910434077	4.88910434077
HLA B*0801	1	3.04717379432	2.89179092693	2.97690658718	2.54162421106	2.34412835667	3.15573121502	2.85244236454	3.26285450024	3.50694630083	2.74890316605	2.20043156018	2.46083756181	4.02327203414	3.42064771318	2.81547959332	2.09840743996	3.21807956397	3.42999327094	2.79652483122	2.71568747248
HLA B*0801	2	2.63880321822	3.80868075526	4.11063702158	3.67543971003	3.11483478002	3.02788035127	3.81267769858	2.87554023618	3.26607805184	2.39722752905	2.40802894703	3.04268753101	2.25320419196	3.14139116164	2.77777014688	3.12306758984	3.67310536523	3.01464951892	3.86969358949	3.4367780045
HLA B*0801	3	3.10729550163	3.89548164226	4.02375364914	3.65315410901	2.91478351893	3.2505103369	2.63717694189	3.0075186174	2.20470002699	2.85955398121	2.23124087825	3.12696193541	3.32699404244	3.39391605329	2.18575257097	3.42980100333	3.45707105486	3.81375539649	2.90487211834	3.06027081606
HLA B*0801	4	2.98559437885	2.97578004472	3.72888875403	3.20311388871	2.84673493787	3.78620623503	3.17616286831	3.00505292148	2.87065845775	2.79616165179	2.5837919823	2.90203480212	3.05722427324	2.63126413385	2.64709191682	2.90648239674	2.86698149154	2.90823506035	2.75203970804	2.81518238767
HLA B*0801	5	3.45499582318	3.61119395486	4.18337839434	3.77166491434	2.58099351128	3.45659033279	2.10214500974	3.00718535672	2.23719910136	3.12217158125	3.02111382123	3.34622561124	3.85745690905	3.34470985653	1.91201281121	3.09869824037	3.8810034309	3.63110704283	3.54896565369	3.10446903104
HLA B*0801	6	3.62825736263	3.0608872719	3.70084711152	3.28800828454	1.65115833387	3.24844837066	2.55843998674	2.97057980995	2.7882268463	2.86558971575	3.15650343655	3.05667086512	3.05908398646	3.16057429551	2.48731603065	2.93192490661	2.81935169664	2.76334228308	2.99208026921	3.67745446085
HLA B*0801	7	2.93408270471	2.92700030203	3.71816085895	3.07597315785	2.97145425933	3.3373518313	2.57491572964	4.09251490806	3.16062043889	2.79621908423	2.78351350485	2.73565268103	3.02435217757	2.67853031788	2.87257694052	3.02609457884	2.90945260296	2.83412504564	2.85124364118	3.14516041507
HLA B*0801	8	2.33675327373	2.96278453815	3.0787463941	2.93267252205	2.80999963608	3.31891689568	3.14556454109	2.72358518085	3.17354066896	3.28233366868	2.93621190951	3.37941691278	2.45001663542	3.14247504749	2.83881346958	2.31364408327	2.93695625656	2.62893660392	3.28394133432	3.19921249144
HLA B*0801	9	2.47353552366	3.29807906706	4.07540236507	2.77920358873	2.135005612	3.32800789162	3.92459234492	2.35149915788	3.87520068121	1.97124906178	2.2311267448	3.61050982754	3.97280565888	3.6638322053	4.06334325865	3.72743533457	3.77610119679	2.32074663738	3.7714755867	3.76157779271
HLA B*1501	1	2.37010032856	2.59722514456	3.24714148268	2.66331668653	2.09364753311	2.23454459056	2.0935104753	1.86775524077	2.2768764011	2.07977224425	1.92027686296	2.53220915142	3.09794738346	2.46213868863	2.04251918438	2.24277189105	2.75199220112	2.71377977005	2.22496167087	2.34830426906
HLA B*1501	2	2.09701879884	3.41747785682	3.8786597478	2.54485478662	2.85322201575	2.87304758316	3.68082204166	2.22827411518	3.8884289121	2.1356106149	1.86765023022	3.13496601769	3.66461792043	1.84957839667	3.46501770248	2.08163702169	2.39228035302	2.25359547628	3.4230768069	3.4096264904
HLA B*1501	3	2.64881615629	2.46063618793	3.40947317408	3.40079258849	2.08492580685	2.8657809272	2.17007883892	2.00275330172	2.27841911114	2.73982309254	2.11754741915	2.34186912783	2.49610328933	2.52461341492	2.16312155885	2.39085876343	2.93051407957	2.84498582926	2.80453975796	2.22504015551
HLA B*1501	4	2.43872093446	2.44104309631	2.55568354495	2.60510901763	2.41025895176	2.68450462539	2.76846710131	2.61102006534	2.40052029434	2.28862178745	2.28671947958	2.37265314522	2.69925370572	2.05528425973	2.58657382896	2.03683402311	2.45118346654	2.32171887922	2.44191464311	2.42605237476
HLA B*1501	5	2.25505998419	2.12277977364	2.83345616666	2.43576599965	2.34293934962	2.17624976209	2.245483769	2.55463936115	2.56848505572	2.22377284065	2.44587470316	2.31139269781	2.11236279808	2.06292148858	2.2550557429	2.21030975892	2.26765688821	2.31314492171	2.37149675001	2.08743563288
HLA B*1501	6	2.41496431956	2.2901828631	2.63158129479	2.41953857925	1.89092209661	2.34209809025	2.44598315052	2.1684337283	2.44300462357	2.82010649696	2.24671960112	2.47484822572	2.83311092621	2.57873977359	2.76554867368	2.35164198516	2.15120294428	2.3204516789	2.33118854914	2.59730596487
HLA B*1501	7	2.07272522479	2.01783727977	2.9095537187	2.22100084843	2.38232558117	2.19781983751	2.39179591312	2.31142333254	2.73276814362	1.91129843586	2.17956556371	2.08862673438	2.11612663924	2.20800503957	2.56931166057	2.09634913315	2.21896517587	2.16271720411	2.42121990662	2.46036313014
HLA B*1501	8	2.03041776587	2.34265190412	2.89977453917	2.22297661103	2.07976840234	2.42091138266	1.59123613061	2.32912335715	2.2142413207	2.41488657395	2.80797104913	2.50115717294	2.05057924226	2.35367792456	2.42641158504	2.05867903358	1.99425981937	2.00866765673	3.04342013202	2.29787691267
HLA B*1501	9	2.47988616785	2.84573199385	3.81036946139	3.43444303923	1.21034016711	2.33289567668	2.94973097984	2.58298327757	4.22029558141	2.52198025706	2.16419402072	3.24720922152	3.55933145439	3.61126720921	3.948099487	3.61698113282	3.61913457464	3.0117894542	3.37083142511	1.5677053471
HLA B*1503	1	2.00539453432	2.38423303533	3.48457269175	2.72542833659	1.68098236597	2.88196051967	2.36996205958	1.97096977674	2.022735292	1.96338613639	2.0795617529	2.53304962051	3.41651212023	2.8094349303	1.93133349413	1.98019826922	2.53562274014	2.34209702938	2.2443884245	2.15297221401
HLA B*1503	2	2.28594312187	3.96579150382	3.67326855015	2.37587424233	3.61661811583	2.78079096986	2.20034411865	2.99024421446	1.95051644635	2.15192930668	1.64938035987	2.90905754439	2.91515419149	1.40777289857	2.63769098937	2.301117901	2.99773607041	3.18337868247	3.824829035	3.16881979926
HLA B*1503	3	2.09955519543	2.87872154857	3.04848309103	2.90903409972	1.76633669761	2.75910125495	2.26978652426	2.31876960387	2.57765544976	2.92592548437	2.04230279384	2.16721848457	2.79268919977	2.76108066213	2.16288755788	1.94679606654	2.18723604623	1.55591430934	2.01630469634	1.90819951315
HLA B*1503	4	2.15369751584	2.23832484327	2.66364380013	2.37213812617	2.15384369445	2.49986239912	2.30223369516	2.35854489542	2.29276422201	2.10550607684	1.7704073094	1.88966065122	1.94444497079	1.85006648485	2.06946428212	1.87795440647	2.15476768447	1.96366900795	1.96816283029	2.03129933153
HLA B*1503	5	1.84080529144	2.05192779269	2.47881047602	2.23010689735	1.94929544215	2.02593892048	2.34159144966	2.75338400377	2.73116930656	2.88643256304	3.03522468277	2.42304881851	2.17795619779	2.53015979893	2.39831694295	2.16893292381	2.20324826108	2.4561391765	2.1945606993	2.30334019766
HLA B*1503	6	2.22262705969	2.89170247773	2.59953754178	2.27689233041	1.87485801814	2.04019997256	2.47396168562	2.26368610779	2.46256695201	2.30632994418	2.23723197977	4.04906635801	2.19915996434	2.1499176169	2.16395391591	2.17072985253	1.97758647001	1.98214036854	2.30785281721	2.27777818501
HLA B*1503	7	4.08587750354	2.24417963735	2.51004265122	2.58573592522	2.33102657071	2.15182093277	1.95801602577	1.75939169668	2.26042314572	1.831011672	1.97104018469	1.21860151086	2.01844434331	1.23962996784	1.89010738073	1.70843515258	2.02098070905	1.93515546576	2.03547411001	1.9990819089
HLA B*1503	8	1.89429053605	2.28582779247	2.18160403706	2.29250783599	2.01054275437	2.08702168569	1.40639467593	1.81643813996	2.4014997933	2.22722332093	2.19546197015	2.21726469124	1.85861401639	2.05943638239	2.29108909337	1.33071002753	1.96915036636	1.80338755468	2.21833036948	2.09795817978
HLA B*1503	9	2.40118529971	2.83398118263	3.7999477124	3.20092711149	1.09041047025	2.77026554574	2.79933853929	2.26509361863	3.98421317294	2.15142722114	1.84811444272	3.34171883502	3.36860717194	3.62056499903	3.70274684285	3.50003511537	3.12285813537	2.26215881801	2.76151362081	1.90358146044
HLA B*2705	1	3.69829969038	4.17878107313	4.89157635146	4.28818406511	3.46087328729	3.45990020443	3.54554595778	3.90396490916	3.8213593818	3.83009292795	3.59576417831	4.26267316247	4.89157635146	4.41365406687	3.23851623794	3.96183703783	4.14320908326	4.03333315784	3.62783982491	3.30667237928
HLA B*2705	2	4.36210670198	4.89157635146	4.89157635146	4.89157635146	4.89157635146	4.89157635146	4.28198224744	4.75684450537	4.21177710875	4.36743761047	4.07597303717	4.89157635146	4.89157635146	3.88453892422	2.09252132865	4.01247316627	4.57081570217	4.89157635146	4.74593059611	4.68149573581
HLA B*2705	3	3.85381527869	4.03777020081	4.89157635146	4.33264416759	3.18235303503	3.94577472779	3.77386314105	3.83320250478	3.86095570136	3.44383050153	3.24374869191	3.81292309783	4.75608805868	4.09069120524	3.98848682323	3.74787595405	3.76239318892	3.8972465588	3.34782154755	3.57910892391
HLA B*2705	4	3.85329938128	3.91564056488	3.88917336101	3.95508598893	3.46577414564	3.79006901236	3.5590843982	4.26441036921	3.82434451423	3.71838399448	3.73605776634	3.84067155195	4.00922421057	3.76916894887	3.6799312571	4.35113595067	3.72807075232	3.83647992452	3.30635740038	3.70453791098
HLA B*2705	5	3.86589465382	3.44445431167	3.99994389435	4.00751914882	3.8555601048	4.12158985477	4.09979277196	4.11559068842	4.61123095469	4.11932728393	3.93393057531	4.24623406958	4.27320733377	4.26549727578	4.89157635146	4.48745387976	4.89157635146	4.14939194687	3.98271507065	4.15819259665
HLA B*2705	6	4.59475603145	4.10232344298	4.48403830523	4.38150241887	4.18340447347	4.50801146772	3.71448588947	3.47900411818	4.29687737769	3.94440723546	4.01450083125	4.14213604926	4.09066750257	4.09799506942	4.32345224503	4.11070269532	4.11325898263	4.30556812762	4.03543206736	4.67689938381
HLA B*2705	7	4.19845061414	3.95455735009	4.76349688794	4.01003570816	4.07211315092	4.32120536587	3.96827366706	4.89157635146	4.89157635146	4.07703046479	4.89157635146	4.84382713295	3.94231877062	4.01417527857	4.805595716	4.20708438853	4.03146091133	4.16422192393	4.89157635146	4.23477475722
HLA B*2705	8	4.07248161261	4.23902979491	4.89157635146	4.32926502189	4.11728913849	4.20256715751	4.07639195907	4.17629936335	4.19648101137	4.04878419365	4.02041605583	4.89157635146	3.97786733695	4.16415923568	3.81279060327	4.11059568602	3.9441231972	4.10937367357	4.64847360034	4.14526663366
HLA B*2705	9	4.26459384917	4.61602571178	4.49567999661	4.21975863842	3.51674512105	4.46444961256	4.05867625669	3.87378004709	3.81450456501	3.84353048223	4.01452513789	4.89157635146	4.51754316377	4.35302408988	3.57339818527	4.63835757608	4.60277509796	3.93022392661	4.89157635146	4.17529754955
HLA B*3501	1	4.63308160975	3.97571590831	4.23329489439	4.33162372894	3.55789577452	4.77680514273	3.25861392668	3.78364796683	4.56236346905	3.76795745908	3.30589278409	3.80365303011	4.88884954788	4.347985136	4.606192383	4.23812903265	4.11895024965	4.22032615324	3.89675186534	3.97663296635
HLA B*3501	2	2.83255192234	3.95005881927	4.53556447143	4.45804169905	4.69133414873	3.97680776245	4.88884954788	4.27785588538	4.88884954788	4.23742089762	4.23843848786	4.88884954788	2.77925142122	4.18457034939	3.94976887287	4.01157474846	4.15208006248	3.98815313544	4.60879661411	4.70773539474
HLA B*3501	3	3.78460873559	4.18897218508	4.03322393366	4.19337844055	3.36815984942	4.22757107886	4.08366385827	3.86265162381	4.07266966003	3.42517526263	3.05689719473	3.54596940881	4.10630466785	3.62829091027	4.18707604475	4.01422271562	3.91066929629	3.78896853751	3.26929100974	3.59066623034
HLA B*3501	4	3.35216989945	4.0253057866	3.71216066187	4.03173033007	3.95975740969	3.73812905153	3.77156700389	2.97235584235	3.98481441017	3.96780904617	3.54044740102	4.07543757183	3.91815444288	4.02684626128	4.20216230849	4.01662716426	3.23658855937	3.73539323476	3.46590136545	4.04518614352
HLA B*3501	5	3.63725465405	3.82315215952	4.0046690477	3.86568123365	3.59644240614	3.84886475817	4.10504470212	3.97759138455	4.31905995916	4.03746238831	3.40168668447	3.3948746676	3.83045139621	3.94362643611	4.03442331933	3.96412120726	4.08002657469	4.04558299286	3.92973408261	4.05055984864
HLA B*3501	6	3.90052955037	4.05075007203	4.12409721567	3.9003515419	3.22774844308	3.71476683286	3.80575165828	3.77783014574	4.0722292058	3.76322789758	3.96866347433	4.02978412139	4.07105083293	4.1323201461	4.28567947236	3.70881373996	4.03013775089	3.69783536323	3.23096159708	4.44479735964
HLA B*3501	7	3.76807065693	3.85268282986	4.04687763545	3.54558040745	3.60575647824	4.02034347952	3.92966335485	3.4258394102	4.24599892006	3.77860210124	4.00678402876	3.65987466575	3.61762789442	3.55179385305	3.91238657179	3.76985716171	3.6736754529	3.35307803399	3.10758889418	3.60896767395
HLA B*3501	8	3.17584846343	4.23559569952	4.31259070432	4.18263068987	4.06306663564	4.18525163141	3.98669981407	3.43673404258	3.61619827632	3.68493864553	3.73428479618	4.02652494625	3.37099333057	4.16343679379	4.31654786668	3.88024449026	3.76334873934	3.61137453837	4.49977162452	3.98253409472
HLA B*3501	9	3.51078287061	4.31222677558	4.88884954788	4.71659254263	2.69197259428	4.23305018939	4.88884954788	4.294147134	4.88884954788	4.04734411528	3.33210607829	4.69651257191	4.88884954788	4.88884954788	4.69339926646	4.3194586803	4.37101108814	3.96899642982	4.59868951805	2.88676579856
HLA B*5101	1	4.49058787648	4.06835725435	3.90541353113	4.33009998921	3.93767999422	4.88910434077	4.16137343837	3.97477017438	4.62989045137	3.72914850391	3.84223255328	4.07189079322	4.76970637681	4.77440503099	4.88910434077	4.63461553366	4.39227189595	4.10202237541	4.29212162732	3.3422010259
HLA B*5101	2	3.49924935934	4.32921325378	4.88910434077	4.61690323692	4.29632913283	4.01372798798	4.76036527033	4.55522341912	4.88910434077	4.88910434077	4.63343331943	4.88910434077	3.2286315546	4.17390579263	4.88910434077	4.22765670175	4.6006661181	4.21075522265	4.53335519438	4.50672146574
HLA B*5101	3	4.06959525622	4.35632496566	4.88910434077	4.88910434077	3.92590831431	4.84656161639	3.95717458777	4.14842359604	4.42819506117	4.00366446346	3.73716411514	4.30187870578	4.11348052202	4.43796718179	4.22265182329	4.53804105434	4.58516474248	4.33639232892	4.06666072083	4.16124177043
HLA B*5101	4	4.17051285601	4.34748753688	3.89384455138	4.09608159049	3.95526640895	4.09171009303	4.51211894098	3.76305049563	3.81049460614	3.92541787915	4.10478455305	4.14334152548	4.02645740304	4.00629019911	4.16083338207	3.7981423083	3.8793543953	3.94022700806	3.85140363128	3.82017788769
HLA B*5101	5	3.50288179239	3.92704881524	3.9687752086	4.20010594824	4.03869885589	4.00748520346	3.96212229143	3.98254761613	4.04459459523	4.02657327701	3.85214104425	3.90279076692	3.80267663601	4.04116696947	3.81429723822	3.96345029283	3.79490415351	3.94879959126	4.22178664254	4.09152181956
HLA B*5101	6	4.05519128107	4.27590884428	4.88910434077	4.61383914668	3.69324611595	4.23189431562	4.18121488184	3.82667624741	3.95969890732	3.95203483916	3.97319730587	4.0885053787	4.86868621381	4.10164977352	4.25892242624	4.19162242495	4.19019637503	4.39789515051	4.68993627615	4.70515902865
HLA B*5101	7	4.26086931635	4.19651633714	4.47553631488	4.07002960791	4.00389013366	4.12454055896	4.20388316654	3.87271497637	4.54447184685	3.8302882424	3.80515868829	3.97536086703	3.91698443525	3.93891508722	3.88655916735	3.93490491181	3.87371999566	3.88621113985	3.6798836664	3.64055626115
HLA B*5101	8	3.82957055171	3.96611638723	4.31494158679	4.00662672458	3.54432177749	4.23917382644	4.0251324607	4.22848138428	4.25341848824	3.61232638353	4.03365245063	4.02988174881	3.83333416422	4.04244448379	3.98601502683	3.90521099749	3.78713102593	4.04148380677	4.23303786542	3.72082555672
HLA B*5101	9	3.90013328805	4.38553270342	4.65945261916	4.52743261691	3.87289680078	4.6391321542	4.80144674372	1.860665856	4.44962680257	4.14383380023	4.14218179086	4.88910434077	4.41702636261	4.88910434077	4.88910434077	4.54308431983	4.61417893229	2.82178180218	4.30320747338	4.16030257161
HLA B*5301	1	4.71170768839	3.67907512752	4.0161365338	4.14097130404	3.30712310556	4.53451362312	2.46789485685	3.28402099551	4.7130496532	3.32009581026	3.05164745994	4.03506026905	4.89293598716	4.1444780479	4.17075566738	3.72568994472	4.0435881157	4.20795556807	3.22910517209	2.91133609853
HLA B*5301	2	2.81350393149	4.18334617199	4.50845355711	4.14078501824	4.20359137877	4.10512749235	4.89293598716	3.4234415395	4.7259773413	3.904790907	3.85255647037	4.53373804816	2.45403474303	3.7823851673	4.80314419005	3.95837007269	4.10831822836	3.43881943613	4.72118305058	4.72955348428
HLA B*5301	3	4.89293598716	4.89293598716	3.72285849719	4.21911063295	3.41697176547	4.04570759295	3.93205194752	3.29426722939	4.42117053156	2.93184675268	2.70562806156	3.35385551946	4.69324647002	3.59155956234	4.24773242649	3.52722745313	4.05587915257	3.66061564255	3.82676657306	3.81579437795
HLA B*5301	4	3.71104903194	4.12284103504	3.85555701747	3.87838840611	3.93794408453	4.00582533894	4.3112502002	3.99825640226	4.1955579706	4.02674465565	3.59639906707	3.83303643869	4.89293598716	3.83980075978	4.21417769346	3.61724579436	3.86765823183	3.41894966542	3.2629604419	3.79377699411
HLA B*5301	5	3.81773117223	3.83192927718	3.83200766602	3.7831176261	2.94685070753	3.44539574794	3.98697173991	3.46763418215	4.32719228253	3.68452662555	3.36147227918	3.71410257723	3.80731250846	3.85472521436	3.92369374199	3.75319607054	3.89937677079	3.70101449122	4.07816811349	4.00664571271
HLA B*5301	6	3.41525648598	4.1001966612	4.05136945182	3.90012012897	3.29231504144	3.87949838052	3.74768148526	3.61271500192	4.05825502151	3.97584337892	3.86645368987	4.12598535582	4.04069278459	4.12060731072	4.24948930548	4.0001783303	3.74523510913	3.41305330868	3.66488286735	3.22590006928
HLA B*5301	7	3.39073107778	3.65400720384	4.19543402786	3.42667741748	3.8659970134	4.1253275119	4.04324070218	3.87109139369	4.54819154683	3.37695984709	3.70747204835	3.42921408651	3.1889836098	2.88652156124	3.49563627073	3.94797425332	3.97542932448	3.38345256747	3.39549636521	3.81969679227
HLA B*5301	8	3.05185414356	4.06128829794	4.04283144908	3.93414702303	3.29402163561	3.98343230074	3.08802971323	2.95499328608	3.06246818191	3.32844485689	3.44147075917	3.63876303135	3.77981634285	3.74065129612	3.2889118392	3.92105757256	3.61065867233	3.24639744636	3.95869323388	3.59026371227
HLA B*5301	9	3.84360599916	2.47704496999	4.26128215342	3.64066955595	2.14022654346	4.20155780267	4.17890280862	3.00620482479	4.89293598716	4.01739009176	3.41261140252	4.89293598716	4.89293598716	4.89293598716	4.13821384285	4.77578707143	4.61296759443	4.3290079736	3.01025806683	3.34461635623
HLA B*5401	1	4.02074409862	3.72833544223	3.4663910298	3.55858308785	2.29287956295	4.31459990378	2.63541509471	2.73340433406	3.59430101599	2.88117490638	2.16488328718	3.07998041162	4.17778534112	3.67730644756	3.74089785199	3.41889307863	3.75786132954	3.65920103196	3.01276856828	3.09164234805
HLA B*5401	2	1.38108936538	3.67425438433	4.42450518102	3.96081582244	4.63912478106	3.33514491276	4.24247790113	3.53167729117	3.80526855071	3.81051794329	3.52628021579	4.12882403327	2.09719313282	3.85512171307	3.75845821167	2.68095342736	2.92937645628	3.00996956744	3.78251246664	3.78714960071
HLA B*5401	3	4.89279003035	3.5970767363	4.26323964098	4.08655752707	2.73101805939	3.38258819442	3.65368894459	2.86276252366	3.5918486693	3.178011768	2.40154802592	2.62828860359	3.6507994298	3.03963479139	2.98782952762	3.62970446588	3.69622850951	3.24763139876	1.78088491614	2.74558238115
HLA B*5401	4	2.68708217419	2.96947496959	2.85807687584	3.13595160083	2.81719978303	3.51149617967	2.97183683925	3.09222244779	2.6756819735	2.43230603847	3.19531613088	3.00418630354	3.19106502656	3.33611727594	3.46552995762	3.15272926428	2.52152326155	2.30486590098	2.30391291562	2.88555785323
HLA B*5401	5	2.98383352873	2.84689719301	3.00998797791	3.02060886849	2.4417576664	3.15247750877	3.16889495357	3.3420527002	3.75498815554	3.27790332434	2.5814258876	2.90468754076	2.73305164688	2.84393412794	3.12181132963	3.17682460793	3.51407718306	3.81758422269	3.2835703936	3.5188990341
HLA B*5401	6	3.22167148516	3.52066338433	3.88018974344	3.71509740888	3.05553788273	3.38910855515	2.52908198597	2.62194365944	2.73872181063	3.19772109746	2.8967010448	3.07298071665	3.34825268596	3.48801248825	3.49536427628	3.27031639393	3.02390174692	3.28683946308	3.26734157358	3.23944246263
HLA B*5401	7	2.65424967534	3.10886201307	2.85847894587	2.89421529412	3.09106094702	3.44843937087	2.88421530856	3.14659034045	3.36228163102	3.18536611376	3.49515002456	2.72127410003	2.81055710507	2.31079707191	3.19119668714	3.31928782985	2.79284540852	2.42703975583	2.9623653697	2.81005609003
HLA B*5401	8	2.27686792773	2.10322703973	3.39397228462	2.84545482764	3.07407449031	3.05662079196	3.33813346499	2.91816602737	2.97779455727	3.25277577234	3.32035083843	3.09475107832	2.11533752589	2.94439033824	3.20700736376	1.97536279846	2.67676961091	2.96102196591	3.26680410009	4.72173417439
HLA B*5401	9	1.53105463407	3.38081404373	3.27579379247	3.90920624633	3.80694468275	3.09709693863	4.52512428525	3.03618835527	4.41210633037	4.33973161615	4.15708150648	3.82570689334	3.16992252135	4.72028610012	4.44971134857	2.91334577875	3.21244733953	2.14587589488	4.45936653713	4.16682864701
HLA B*5801	1	3.12039084868	3.38034355217	4.52861271241	4.13034970166	3.09935022552	3.79582539022	2.99820904805	3.09696267758	2.63492004993	2.91265151765	2.79285374519	3.88878757571	4.15594544419	3.4022818289	2.73942826848	3.42537922373	3.53949562276	2.76561125241	3.16928770987	3.32798447635
HLA B*5801	2	2.73627630959	4.29078305991	4.89279003035	4.59748077402	3.42893083559	3.28183660562	3.63137313704	3.75800961753	4.28071933295	3.78892428057	4.89279003035	4.32870185514	4.2706297043	4.0294481102	4.18383817871	2.41758825781	2.56923985582	3.26111399378	4.89279003035	3.95169513758
HLA B*5801	3	3.17476034875	3.65537239357	3.64265678051	3.70743168186	2.9688863636	3.61789627829	3.40295196264	2.80043854231	4.37689847906	2.90207608067	3.00453151802	2.73936548084	4.06416862015	3.51861511278	3.92365453932	3.164302843	3.09626344351	2.6855142296	3.22302357621	3.15450780121
HLA B*5801	4	3.07888655401	3.38401868377	3.50966850096	3.42214898651	3.24857049528	3.42385582778	3.14774538177	3.38318273184	3.10615816444	3.11813767488	3.01572005273	3.08340892072	2.74537120418	3.08314317055	2.92013610386	2.87517901998	3.31187373076	3.22265184384	3.22586046125	3.31077449107
HLA B*5801	5	2.9953468897	3.28849587906	3.40806774019	3.13313408375	2.80965018256	2.86597552368	3.11980281289	2.91497402058	3.40850842848	3.04549332145	3.48158945398	3.32702292374	3.15722856668	3.15873227059	3.2673915225	2.9584643104	2.92006406872	2.444956452	2.96743108426	2.93193500187
HLA B*5801	6	3.27036388502	3.48454363893	3.16610442928	2.81880631373	3.01108400419	3.22532177863	3.1255876031	2.89424302361	3.61885702696	3.03120745656	3.11134931312	4.28739597454	3.41224955373	2.96841258668	3.32064554179	3.07314768242	2.86249157143	2.86509475127	3.40883034261	2.72257149726
HLA B*5801	7	4.63069134502	3.36415222849	3.45791156212	3.10028539023	4.02733465392	3.79437067307	3.01845618049	2.46580794703	3.70647899979	2.2796959409	2.80803964069	2.71427927637	2.94252333567	2.92173817477	3.40211495392	3.14559058584	2.83394070972	2.5579636004	2.38071434093	2.30658482924
HLA B*5801	8	3.09238730558	2.99258039378	3.44801553671	2.99132723192	2.24562291773	2.92943455493	2.98539612451	2.65525643638	3.10008748281	2.6144737264	2.98160804785	2.84703541809	2.98328498565	2.65443263558	3.13308554972	2.75456581844	2.79068084702	2.9395540487	2.32370112858	2.62258036942
HLA B*5801	9	3.98434748536	2.71670585448	3.98978455162	3.23567686289	1.96017209144	3.09072102436	3.96375593787	2.20362031639	4.47098448418	2.93327611321	2.70764452095	3.65549589371	4.41412197785	3.60366746561	4.27661686856	4.01455239481	4.41145117239	3.49807907023	1.91776758783	2.53600118459
HLA B*5802	1	4.2549252084	4.39361863493	4.24108810767	4.25026368453	4.15989390548	3.9237237446	4.65757731923	3.84588047449	3.07099001458	4.42712839773	3.75104638447	4.27230345183	4.30102999566	4.55284196861	3.35242144579	4.0851281824	4.27736607748	3.74666199469	4.04287180217	3.40649241069
HLA B*5802	2	4.8183887565	4.65757731923	4.89279003035	4.54668166001	4.89279003035	4.48148606008	4.89279003035	4.32239304725	4.71128388583	4.25026368453	4.14874165121	4.07365755329	4.66154350637	4.04479346241	4.89279003035	3.36794783327	3.46852108302	4.27572413044	4.3788237183	4.89279003035
HLA B*5802	3	4.89279003035	3.99653946791	4.89279003035	4.87776393416	3.94692155651	4.32422165825	3.93854752094	3.56415563407	4.65757731923	3.79327358919	3.81191562628	4.57511836334	4.89279003035	4.57186520602	3.98213228105	4.74344449414	4.35654732357	3.81304366452	3.58502665201	3.70553377384
HLA B*5802	4	3.9237237446	3.91292879411	4.79048498545	4.38299965884	3.98296666068	4.44855000202	4.13194363813	4.10902040311	3.8934691462	3.92959267828	3.99225222199	3.8934691462	3.93479387193	4.1463017882	3.64781748185	3.6317748163	3.76497684047	3.90517961965	3.7752080435	3.94538694546
HLA B*5802	5	3.94385773792	3.96899571865	4.59516628338	4.32790214217	4.73992861205	4.12378215939	3.81987412483	3.78994915009	3.92664829762	4.89279003035	4.07160414774	4.20065945046	4.81438578863	4.89279003035	4.39147396639	4.89279003035	4.48678239999	3.74957999768	3.68994426221	3.89619627904
HLA B*5802	6	3.67162039658	4.05158703417	4.45593195563	4.46852108302	4.06956040516	4.41793663707	4.20620961536	4.77339906291	4.30451832345	4.13952364152	4.24565166422	3.62967199221	4.04191415152	3.96337110466	4.06956040516	4.89279003035	4.40450377818	4.22142933694	4.16115090917	3.82044820885
HLA B*5802	7	4.53760200209	4.6536470256	4.69897000434	4.07262963699	4.11350927493	4.6536470256	4.08937559529	4.27736607748	4.54975089171	4.89279003035	3.48784946303	4.07160414774	3.03753595385	3.69897000434	3.71669877127	4.39604804464	4.28066871312	4.17263072692	3.78674794778	4.19791074205
HLA B*5802	8	4.21324857783	4.37957104001	4.75945075173	4.2218487497	4.18476323959	3.75945075173	4.27736607748	4.08618614757	4.53165266956	3.94385773792	4.18842499426	4.26921772446	4.49214412829	4.22621355515	4.12953365469	4.2160964207	3.87942606881	4.29242982396	4.50863830622	3.70027484599
HLA B*5802	9	4.89279003035	4.79588001734	4.89279003035	4.77989191199	3.40472428815	4.89279003035	4.75945075173	3.04450467088	4.79588001734	3.56003606402	3.85078088737	4.64975198164	4.80134291304	4.6536470256	4.89279003035	4.89279003035	4.89279003035	4.65757731923	3.89211197479	4.40185845773
Mamu B*01	1	4.03274766151	3.73238097473	4.61186968454	3.68462909861	3.83496717254	4.0420711002	4.00490124434	3.73082986471	4.64250300188	3.75910776822	3.95356798895	3.312658623	4.67623578915	4.13938484314	4.60300300149	3.97352105247	4.35560254061	4.2007246195	4.10041483848	3.44511978764
Mamu B*01	2	4.11766830694	4.88729571981	3.36494826096	3.93793312902	4.88729571981	4.22707420138	4.76737795233	4.1358091902	4.88729571981	4.0352204615	3.70737108692	4.3738420045	4.86031229689	4.39422024686	4.88729571981	4.58580220664	4.88729571981	4.53671445857	4.88729571981	4.88729571981
Mamu B*01	3	4.70318074759	4.88729571981	3.72264116869	4.22467196594	4.0509749427	4.55236606116	4.47422572008	3.64074061266	4.88729571981	3.74476059408	3.46759671863	4.46905436977	3.78153399833	4.88729571981	4.88729571981	4.74564510544	4.38184383807	4.24647761992	4.44053629729	4.18664819844
Mamu B*01	4	3.96003377137	3.85458437229	3.98354753437	3.97132820201	3.95866886698	4.52658390679	4.29699483479	4.04193248357	4.36549332312	3.66122531132	3.90249037857	4.2619001901	4.76257027799	3.9106152622	4.08939281788	3.85772831687	3.75354643629	4.03048365714	3.03125536321	3.94079553704
Mamu B*01	5	3.39273687698	4.10620028704	3.83175878347	3.98813250252	4.07768088718	3.97539649098	3.48910400195	3.65798388595	4.65686213316	4.08811266063	3.50926625985	3.4099701179	3.91187198666	4.46757593686	3.08574537215	3.58533708169	4.11928302293	3.87883359947	4.29840089024	4.44918679946
Mamu B*01	6	3.74877332662	3.91211301399	4.25212598395	3.93431661862	4.07632201386	3.99941101686	4.17974087835	4.00947222585	4.22937478228	3.7694696692	4.17976814287	3.57555968064	4.47039215451	4.4229515174	4.4405677645	4.07343309453	3.95214872089	4.21404378382	4.10989914742	3.8148417871
Mamu B*01	7	4.05179062383	4.10514782898	4.31578194332	3.49613254833	4.15899012017	4.36009416988	4.16891915871	4.06836461694	4.88729571981	4.36386039315	4.01327801686	3.74891928269	4.46699298722	3.8475101949	4.79789530855	3.97993997579	4.20596217767	3.81026703624	4.00916245782	3.10652142158
Mamu B*01	8	3.72000320117	4.21145277096	4.20643180191	4.08062294654	3.90889232955	4.3542419002	4.0934608501	4.17274707642	4.227252264	3.63207136552	3.92114802626	4.21930696632	4.05492485872	4.09998484828	4.29577318327	4.23192162158	3.85913450198	4.03297907294	4.31688005258	3.98733020744
Mamu B*01	9	4.35515332912	4.77654868042	4.88729571981	4.7486197717	3.30493457984	4.65596491864	4.8408709738	2.90705602061	4.88729571981	3.67696629348	4.02421332402	4.88729571981	4.40033614044	4.61766711095	4.88729571981	4.82328081303	4.84593966235	4.1142464649	4.09527729246	4.54172793003
Mamu B*03	1	4.50792544495	4.77546145537	4.89279003035	4.89279003035	4.8416793999	4.58081718853	4.26315515558	4.83073191336	3.86382629021	4.78546629972	4.27631041031	4.89279003035	4.89279003035	4.89279003035	3.80429949612	4.39966016125	4.89279003035	4.89279003035	4.89279003035	4.38275654394
Mamu B*03	2	4.86646109166	4.89279003035	4.89279003035	4.89279003035	4.89279003035	4.89279003035	4.89279003035	4.89279003035	4.82269566851	4.89279003035	4.39766100751	4.89279003035	4.89279003035	4.22112157554	3.29512566879	4.70617376794	4.89279003035	4.89279003035	4.89279003035	4.89279003035
Mamu B*03	3	4.60843105797	4.75379265734	4.89279003035	4.56727033863	4.37563933174	4.89279003035	4.61980383847	4.4151295518	4.71007138554	4.38201326041	4.13411910594	4.77518367478	4.70442315805	4.55539501013	4.42147068265	4.15441320236	4.63039349097	4.74381792034	4.26720984229	4.09998075467
Mamu B*03	4	4.39691716122	4.67112797185	4.35073089523	4.70353430197	4.65828113612	4.43027085434	4.25818955632	4.86053178836	4.11820580159	4.06103687838	4.24623424054	4.36534968239	4.40744444008	4.4352869573	4.05915417995	4.51206914916	4.35003410665	4.18531151271	4.4021445195	4.39096301581
Mamu B*03	5	4.57884748111	4.23503971899	4.71676112584	4.68787006774	4.16479112921	4.29945257306	4.25536288686	4.72341310277	4.77461362535	4.74421054949	4.32432058674	4.7353242809	4.70300282414	4.52438954298	4.81261668826	4.43892484026	4.78262840825	4.70621186038	3.92227124927	4.06930210142
Mamu B*03	6	4.58336268036	4.28188968109	4.52267891473	4.38274135826	4.24961871317	4.76645608916	4.03300930238	4.70261585594	4.28199163213	4.62284737236	4.42479492908	4.38867117599	4.58487024299	4.49817148063	4.5494208091	4.44897533718	4.26738287447	4.64782177127	4.31070521864	4.7189725852
Mamu B*03	7	4.41435246743	4.16793932707	4.69518145521	4.44788645042	4.5183090592	4.60113902639	4.49088886811	4.39146090167	4.18671002885	4.21994080039	4.89279003035	4.5337830367	4.24720139997	4.22309180668	4.29154077549	4.59457443581	4.5210669564	4.54313621645	4.76838681103	4.5707580704
Mamu B*03	8	4.47224402371	4.4041273298	4.89279003035	4.15747863825	4.55969811136	4.64142168512	4.57725456626	4.42108867426	4.67485238727	4.18781635302	4.44840098209	4.80917175872	4.33823906085	4.26882225325	4.29587050093	4.32736384894	4.12614729689	4.28343032594	4.66996309213	4.32374700539
Mamu B*03	9	4.68651374761	4.80002476279	4.46326584497	4.52613904164	3.84399575783	4.48816696134	4.68376065386	3.9902451997	4.1933424415	3.48080671049	4.15930224904	4.43755875568	4.47919733099	4.34758738842	4.30640231947	4.83555302596	4.64982123611	4.29530359328	4.69295232473	4.73029401616
Mamu B*08	1	4.18105105612	4.01595661695	4.89279003035	4.89279003035	4.13234569822	3.9790106491	3.71332048057	4.16673526205	3.83240428757	3.99645236204	3.85363102031	4.54749266837	4.89279003035	4.89279003035	3.42736691948	3.93293879052	4.38393400423	4.40025070331	4.60422484754	4.19690608783
Mamu B*08	2	4.72831369162	4.89279003035	4.89279003035	4.89279003035	4.89279003035	4.89279003035	4.89279003035	4.89279003035	4.89279003035	4.89279003035	4.35868894354	4.89279003035	4.89279003035	3.80768336551	2.37807560393	4.45518195531	4.89279003035	4.89279003035	4.89279003035	4.89279003035
Mamu B*08	3	4.08911750376	4.21290659039	4.79861292392	4.27904251204	3.9350881848	4.48017398823	4.42170140139	4.03413481846	4.0348005932	4.04288132603	3.87032205828	4.22167899173	4.29002212577	3.95192472489	4.10194884035	4.19936122157	4.10360815037	4.34503885514	3.99601249095	3.91109805089
Mamu B*08	4	4.10795679918	4.18216524958	3.75753977219	4.16685335621	3.99446695917	4.1051476108	4.10296234488	4.10360438842	4.03883521281	4.14434290616	4.12344681659	4.05650999116	4.02418749486	4.00002171592	4.11522862993	4.12015098439	3.89384439289	4.15058725673	4.00793920251	4.04982270169
Mamu B*08	5	4.0117468138	4.03601932985	4.36475571254	4.20873450891	3.66553787141	4.12497734411	3.99740201929	4.05231191293	4.20660181185	4.23371452846	4.71622829693	4.18177088268	4.081800006	4.24366782411	4.10128035731	4.17225979791	4.26279371849	4.24033888	4.42712839773	4.08987948907
Mamu B*08	6	4.44965829375	4.02646188238	4.45704627145	4.15501543808	3.27315860339	4.14039569676	4.28529877262	4.03341433883	4.37713419284	4.00354482531	3.99820254822	3.99597672413	4.37645763139	4.09382680043	3.9097043427	4.06738987086	3.8967861985	4.11144035008	3.90227972129	4.06022118842
Mamu B*08	7	3.96593231166	4.1158082417	4.53578859557	4.05879102917	4.00080825639	4.02904561275	3.94405165746	3.83157008952	4.20621186042	4.02889176774	4.23062518617	3.90274615912	3.38980394104	3.6911057555	3.76110666857	4.06348742096	4.04534015968	4.16499031664	4.27587569933	3.98542129081
Mamu B*08	8	4.10569665599	4.12320540663	4.37323168612	4.19217072285	3.99834556073	3.98564071753	3.57630400273	3.99781844839	4.09693172893	3.85437133055	3.99832144184	4.89279003035	4.03309416984	4.07344136724	3.92814856137	3.98848082647	4.1216059006	3.97641320745	4.1392534089	3.92545226419
Mamu B*08	9	4.18804043509	4.63639208955	4.71291588119	4.3570908714	2.88102727716	4.3863671171	4.55816928239	3.30715991263	3.81080977193	3.05307844348	3.84963271254	4.38916131135	4.5053819112	4.3678934167	3.93220680843	4.52404966623	4.73610774088	3.98206669262	4.89279003035	4.38201704257
Patr A*0301	1	2.96760745785	3.520688064	4.52950282788	3.79740129291	3.43414698612	2.74506628058	3.19642270973	2.53397667494	2.9220375753	3.2877889241	2.94047816024	3.63099839141	4.27597474035	3.58447028242	3.1231288764	2.87226142282	3.24165435227	3.18414226838	3.74438367695	2.9690807435
Patr A*0301	2	2.84521383726	4.50692776759	4.67626939285	4.73306315233	4.34613220872	3.33077032356	4.63737096686	3.49852494569	4.41894026711	4.16584853676	4.05177326912	4.4456430891	4.67281545449	4.07690693279	4.68415638483	2.78770984239	2.52235848253	3.24605614968	4.34685183578	4.49760724016
Patr A*0301	3	3.06665347718	3.5320586513	3.91210289849	3.61799028544	2.74355841474	3.67886606164	3.12107918229	2.93799794577	3.53558616071	2.76174403661	2.95602763235	3.28457557702	4.11570890533	3.64653171551	4.27901425575	2.27997350156	3.47972422534	3.01603005014	2.72827372808	2.81981592334
Patr A*0301	4	3.14323803148	3.47600918639	3.28812646412	3.54202585333	3.05751382391	3.22786085433	2.82912844075	3.26990960754	3.30846366733	3.5767479418	3.2828146919	3.44652058979	3.21033270628	3.21064143804	3.08705118703	3.03566527326	2.50253795063	3.17329597162	3.11975791041	3.17095669778
Patr A*0301	5	3.096896484	3.42125348326	3.9359167257	3.31411931691	3.15719719585	3.37513502428	3.37704634917	3.54442168964	3.57122031422	2.94356104097	2.6948456236	3.09516746809	3.2222157672	3.41775723687	3.32991338291	3.55312624666	3.60140168014	3.55553392862	3.34778024381	2.80676698345
Patr A*0301	6	3.9133066223	3.29085429401	3.79802899316	3.37221469084	2.84748662762	3.23166574681	3.26279080863	2.98115777598	3.11308847572	2.69854088491	3.14779594894	3.12313700364	3.61475541819	4.04243732693	3.29209586935	3.17982742352	3.39179500555	2.85366837825	3.13900239286	2.84075676609
Patr A*0301	7	2.99542210948	3.26427340416	3.44479057511	3.19770982758	3.21671083533	3.69986540879	3.15458471358	3.16057780231	3.94416177884	3.18733402743	3.2596455227	3.22483249125	3.16806970204	4.40265959373	4.00501371741	3.4873628009	3.09740760894	3.13889897736	3.10657525901	2.69752354911
Patr A*0301	8	2.95996366944	3.59845613137	3.60475129864	3.18468309711	2.98589792837	2.92221628947	3.18647658999	3.00288713794	3.012347636	2.92320063729	3.09980672045	2.82156305873	3.00163834788	3.01651261509	3.26622348478	3.33007681259	3.16139807144	3.30290069445	3.40200966967	2.80293513589
Patr A*0301	9	3.13514519165	4.38118414502	4.57650317251	4.32182642285	3.72236520862	4.39317738127	3.43618909684	3.73191554107	1.89070870926	4.06021031824	3.96980823801	4.89279003035	4.65180432975	4.78399665639	1.70924844929	4.14404410784	4.4441519672	3.62347840632	4.59822370185	2.5566032963
Patr A*0401	1	2.81374172316	3.03706346373	4.15150442789	4.0540239794	3.32986303336	3.64377318428	1.6750887322	3.11934560934	2.17072384047	3.17682847413	2.5142004638	3.53752820794	3.93696678156	3.83221084835	1.95173711415	2.77239393665	3.10588378944	3.18541878552	3.13564702729	3.05282680802
Patr A*0401	2	2.50661229395	2.81826596764	3.91153784749	3.69975292701	2.30662447197	3.22470085328	3.03796709544	2.85860930372	3.58287320495	2.82821789884	2.74436286526	3.69051598235	3.82516763526	3.28863681179	2.75320690042	3.20142675612	2.72061817139	3.09812780363	2.35516129645	2.04970378847
Patr A*0401	3	4.04664306149	3.02325257901	2.82847792705	3.64668309181	2.5247191443	3.17654555281	3.06530835051	2.94245033956	2.58830588531	2.28695430256	2.37824733457	3.07631641631	2.5837002566	3.25084241097	3.17094381087	3.2356879201	2.983897873	2.92484743573	2.65284433758	2.64691009963
Patr A*0401	4	2.86147948556	3.23981373615	2.69073334475	3.21512056435	2.84233161051	3.07923855285	2.95956282243	3.08416913821	2.89493449069	3.23740050014	2.72433625036	2.88204889703	2.86237957628	3.02908022804	2.79818797834	2.59056154308	2.63113706101	3.17840966044	2.84906017867	2.97449915512
Patr A*0401	5	3.00861408472	3.12585442	3.50978095751	3.1990860789	2.63662544763	3.0822381657	3.13503830155	3.0962734648	3.21677436384	3.09422845725	2.33657455854	2.72404821259	2.69280923357	3.2392322156	2.50977579706	2.95664848515	3.30748082365	3.11168966039	2.34657024536	1.26612701581
Patr A*0401	6	2.93041551828	3.03376206254	3.06371721744	3.01051883806	2.00784230995	4.01562542756	2.49174108464	2.70839818194	3.05215986922	2.88268677441	2.83280100651	4.19146836103	2.6708352462	4.53610575975	2.77633061995	2.92241657881	2.79477434822	2.75630550716	2.24351275345	2.65378955854
Patr A*0401	7	2.34834016216	2.78185798883	3.38186764553	2.84593814699	2.32866217603	3.2939801712	2.43855982463	2.34040184344	3.11554018588	2.15457786018	2.56587275095	2.41670872615	2.03571058585	2.36854429036	2.68543146004	2.99252009266	2.8122105294	2.31130557133	2.15342949402	2.77878943735
Patr A*0401	8	2.74649986754	3.206558052	3.22028901118	2.9877123455	2.31232583776	2.81152824632	2.18423866856	2.89422637272	2.61117995255	2.61775831727	2.83678552744	2.63160769033	2.3560463336	2.87067944326	2.18355079685	2.33502821408	2.88787317685	2.88066417671	3.28257955424	2.39768822904
Patr A*0401	9	2.42991796484	4.58974194575	3.88487775029	4.52482466533	3.18078384495	4.39172679014	3.24633706462	3.64540913204	1.78365994174	3.43615869558	3.33130679315	4.44372430912	4.64616382452	4.50028693461	0.61369164203	3.51875007936	3.25308386265	2.7484404726	4.53063301035	3.00025001954