NumCols:	9
A	-0.430127	-0.166103	0.184117	-0.0600963	0.0897647	0.0211012	0.133073	0.294142	0.416856
C	-0.0047724	-0.103561	0.00392237	0.0344917	-0.0078866	-0.0702817	-0.178138	-0.188916	-0.264284
D	0.0236472	0.118873	0.485738	-0.542909	0.170251	0.0584707	0.124015	-0.00160297	0.675631
E	0.033365	0.150625	0.42881	-0.176518	0.0631879	0.173209	-0.0267726	0.165349	0.592149
F	0.277509	0.133834	-0.600822	0.0137865	-0.427496	-0.17304	-0.370226	-0.323373	-1.20676
G	-0.0552501	0.280676	0.342386	0.357629	0.209702	-0.00764676	0.118854	0.157478	0.637274
H	-0.0420031	0.000260815	-0.362018	0.146933	-0.023097	-0.193012	-0.0108021	-0.218451	-0.0111705
I	-0.0851534	-0.052034	-0.476582	0.125148	-0.211649	-0.0148814	0.0137882	-0.0622931	-0.67091
K	-0.132969	-0.0849935	0.0157712	0.0933229	0.250236	0.222521	0.590214	0.14581	0.840996
L	0.0359284	0.222355	0.0258245	0.170058	-0.127155	-0.187717	-0.145215	0.243594	-0.602285
M	-0.207946	-0.143353	-0.308783	0.208153	-0.117359	-0.105392	-0.207256	-0.114164	-0.94373
N	-0.157373	0.119008	0.290975	0.0563584	0.157568	-0.137089	-0.118685	0.049419	0.077296
P	0.851089	0.763818	0.84551	0.118863	0.127706	0.169858	0.121354	0.354917	0.076699
Q	0.132687	-0.110527	0.432262	0.0555364	0.0828141	0.164372	-0.0864755	0.250206	0.25256
R	-0.281279	-0.464529	-0.137808	-0.152755	0.229814	0.24997	0.207261	-0.255692	0.849516
S	-0.19021	-0.100429	0.286895	0.0444137	0.121711	0.0617662	0.128017	0.0234327	0.650367
T	-0.128207	-0.010773	-0.129722	-0.0952076	0.0902021	0.0940306	0.285923	0.139435	0.510339
V	-0.0628995	-0.172282	-0.333505	-0.0173791	-0.154041	0.000741	0.238163	0.316476	-0.171828
W	0.228829	-0.268925	-0.392215	-0.332877	-0.292686	-0.201989	-0.294413	-0.39695	-0.866921
Y	0.195136	-0.111941	-0.600754	-0.0469516	-0.231585	-0.124991	-0.522677	-0.578817	-0.8418


1.98032