NumCols:	9
A	-0.302139	-0.180194	-0.0420894	-0.0754668	0.0271283	-0.0636397	0.124623	0.259333	0.236474
C	0.0221682	-0.094405	-0.018528	0.0700583	-0.0176809	-0.118443	-0.0454337	-0.0701622	-0.330593
D	0.0646562	0.0627311	0.474836	-0.645484	0.132465	0.17293	0.0391556	0.0719467	1.16728
E	0.0491605	0.0178132	0.370615	-0.164509	0.0616253	0.249358	-0.00106766	0.125706	1.06055
F	0.279368	0.184731	-0.673514	0.00261215	-0.255217	-0.16583	-0.193454	-0.278816	-1.40259
G	-0.0156302	0.351908	0.253667	0.407502	0.0528804	-0.0228415	0.0373559	0.0692605	0.825084
H	-0.0309783	0.0651086	-0.280076	0.307325	0.0260591	-0.209196	-0.0258479	-0.116425	-0.197807
I	-0.0142325	-0.0938408	-0.431709	0.0958268	-0.166983	-0.0562173	-0.0328537	-8.25071e-005	-0.66444
K	-0.126285	-0.031815	0.0307036	0.00514291	0.15569	0.322128	0.122161	0.0787702	1.0061
L	-0.0120633	0.216554	0.0473619	0.208895	-0.101742	-0.287543	-0.0616155	0.102929	-0.631805
M	-0.16106	-0.159125	-0.262436	0.253296	-0.0667229	-0.143518	-0.0733494	-0.102968	-1.18126
N	-0.167533	0.0658275	0.344361	0.0418108	0.121103	-0.162108	-0.0243089	0.0480915	0.253227
P	0.572768	0.892576	0.866804	0.0569043	0.0662676	0.167875	0.0878219	0.230525	-0.177076
Q	0.0160764	-0.222928	0.43287	0.198117	0.0640005	0.149609	0.0246081	0.115688	0.0739857
R	-0.287576	-0.431989	0.0125171	-0.161002	0.134211	0.358546	0.0687003	-0.197372	0.843196
S	-0.154531	-0.087935	0.211905	0.0607239	0.0259867	0.149206	0.0963878	0.0561691	0.653321
T	-0.0927513	0.000290276	-0.163455	-0.084855	0.0212282	0.143009	0.107826	0.152674	0.629473
V	-0.0128884	-0.242609	-0.289336	-0.0255811	-0.104532	-0.0488352	0.0815168	0.236083	-0.22778
W	0.183175	-0.29125	-0.331676	-0.479323	-0.0977002	-0.295695	-0.124723	-0.306278	-1.04162
Y	0.190295	-0.0214486	-0.552822	-0.0719945	-0.078067	-0.138796	-0.207502	-0.475072	-0.893724


1.98786